2 4.40404555206209
3 4.87092911694619
4 3.26111520162541
5 0.106175415166304
6 0.117053225895832
7 4.93594894240778
14 4.00932945195035
15 3.12828703978779
16 0.0918138058396606
19 0.0801805058654939
20 0.28206949033966
21 4.10479387078294
23 0.791228073933888
25 5.02661549074461
26 5.00878393281098
28 0.134733650557414
29 4.92194452868097
30 -0.0296564844903142
31 5.0788360725323
37 0.0593985986862528
38 0.0522968760312214
39 0.0626743267477764
42 5.07240626684289
44 3.27412090366284
45 0.0976419251386777
46 4.70663808772368
47 0.120858744591402
49 -0.125274680491387
51 1.88843915319773
54 4.92226966098813
55 4.82711472353028
56 4.94847695325649
57 1.98715581086503
60 4.93014125288019
62 -0.0168697865434063
64 4.91418881287573
65 0.15579948674684
68 4.96812923924295
72 4.96283984372705
74 0.297283852664544
75 4.45559863693179
77 4.77454751064192
78 5.02046368392997
